numTarget	numclassDrone	horizons
101	1	30
UAVclass		numDrone	duration		speed	range
0	10	25	2	4
Adjacencymatrixofnodes
0	1	2	3	4	5	6
1	1	0	2	6	7	8	9
2	2	0	1	3	9	10	11
3	3	0	2	4	11	12	13
4	4	0	3	5	13	14	15
5	5	0	4	6	15	16	17
6	6	0	1	5	7	17	18
7	7	1	6	8	18	19	20
8	8	1	7	9	20	21	22
9	9	1	2	8	10	22	23
10	10	2	9	11	23	24	25
11	11	2	3	10	12	25	26
12	12	3	11	13	26	27	28
13	13	3	4	14	29	28	12
14	14	4	15	31	30	29	13
15	15	4	5	16	32	31	14
16	16	5	17	34	33	32	15
17	17	5	6	18	35	34	16
18	18	6	7	19	36	35	34
19	19	7	20	38	37	36	18
20	20	7	8	21	39	38	19
21	21	8	22	41	40	39	20
22	22	8	9	23	42	41	21
23	23	9	10	24	43	42	22
24	24	10	25	45	44	43	23
25	25	10	11	26	46	45	24
26	26	11	12	27	47	46	25
27	27	12	28	49	48	47	26
28	28	12	13	29	50	49	27
29	29	13	14	30	51	50	28
30	30	14	31	53	52	51	29
31	14	15	32	31	30	29	13
32	32	15	16	33	55	54	31
33	33	16	34	57	56	55	32
34	34	16	17	35	58	57	33
35	35	36	59	58	34	17	18
36	36	18	19	37	60	59	35
37	37	19	38	62	61	60	36
38	38	19	20	39	63	62	37
39	39	20	21	40	64	63	38
40	40	21	41	66	65	64	39
41	41	21	22	42	67	66	40
42	42	22	23	43	68	67	41
43	43	23	24	44	69	68	42
44	44	24	45	71	70	69	43
45	45	24	25	46	72	71	44
46	46	25	26	47	73	72	45
47	47	26	27	48	74	73	46
48	48	27	49	76	75	74	47
49	49	27	28	50	77	76	48
50	50	28	29	51	78	77	49
51	51	29	30	52	79	78	50
52	52	30	53	81	80	79	51
53	53	30	31	54	82	81	52
54	54	31	32	55	83	82	53
55	55	32	33	56	84	83	54
56	56	33	57	86	85	84	55
57	57	33	34	58	87	86	56
58	58	34	35	59	88	87	57
59	59	35	36	60	89	88	58
60	60	36	37	61	90	89	59
61	61	37	62	92	91	90	60
62	62	37	38	63	93	92	61
63	63	38	39	64	94	93	62
64	64	39	40	65	95	94	63
65	65	40	66	97	96	95	64
66	66	40	41	67	98	97	65
67	67	41	42	68	99	98	66
68	68	42	43	69	100	99	67
69	69	43	44	70	101	100	68
70	70	44	45	72	101	69
71	71	44	45	72	70
72	72	45	46	73	71
73	73	46	47	74	72
74	74	47	48	75	73
75	75	48	76	74
76	76	48	49	77	75
77	77	49	50	78	76
78	78	50	51	79	77
79	79	51	52	80	78
80	80	52	81	79
81	81	52	53	82	80
82	82	53	54	83	81
83	83	54	55	84	82
84	84	55	56	85	83
85	85	56	86	84
86	86	56	57	87	85
87	87	57	58	88	86
88	88	58	59	89	87
89	89	59	60	90	88
90	90	60	61	91	89
91	91	61	92	90
92	92	61	62	93	91
93	93	62	63	94	92
94	94	63	64	95	93
95	95	64	65	96	94
96	96	65	97	95
97	97	65	66	98	96
98	98	66	67	99	97
99	99	67	68	100	98
100	100	68	69	101	99
101	101	69	70	100
Target	revisit_time	profit
0	2000000	0
1	12	1	
2	18	1	
3	18	1	
4	1	1	
5	18	1	
6	12	1	
7	18	1	
8	6	1	
9	12	1	
10	6	1	
11	24	1	
12	12	1	
13	6	1	
14	12	1	
15	6	1	
16	1	1	
17	24	1	
18	24	1	
19	24	1	
20	18	1	
21	1	1	
22	12	1	
23	6	1	
24	6	1	
25	1	1	
26	1	1	
27	12	1	
28	6	1	
29	18	1	
30	18	1	
31	1	1	
32	24	1	
33	24	1	
34	12	1	
35	18	1	
36	6	1	
37	1	1	
38	12	1	
39	6	1	
40	1	1	
41	6	1	
42	24	1	
43	24	1	
44	24	1	
45	1	1	
46	1	1	
47	1	1	
48	24	1	
49	18	1	
50	24	1	
51	6	1	
52	1	1	
53	1	1	
54	24	1	
55	6	1	
56	12	1	
57	1	1	
58	18	1	
59	6	1	
60	12	1	
61	1	1	
62	24	1	
63	24	1	
64	24	1	
65	12	1	
66	24	1	
67	1	1	
68	24	1	
69	12	1	
70	18	1	
71	1	1	
72	18	1	
73	18	1	
74	1	1	
75	6	1	
76	6	1	
77	12	1	
78	6	1	
79	24	1	
80	12	1	
81	24	1	
82	12	1	
83	18	1	
84	6	1	
85	24	1	
86	24	1	
87	1	1	
88	12	1	
89	24	1	
90	18	1	
91	12	1	
92	18	1	
93	12	1	
94	18	1	
95	24	1	
96	24	1	
97	6	1	
98	12	1	
99	18	1	
100	18	1	
101	12	1	
